10 0.000007
10000 0.000085
20000 0.000170
30000 0.000248
40000 0.000344
50000 0.000391
60000 0.000461
70000 0.000588
80000 0.000608
90000 0.000709
100000 0.000789
110000 0.000836
120000 0.000910
130000 0.001018
140000 0.001084
150000 0.001169
160000 0.001235
170000 0.001294
180000 0.001373
190000 0.001492
200000 0.001628
210000 0.001607
220000 0.001676
230000 0.001843
240000 0.001888
250000 0.001927
260000 0.002077
270000 0.002078
280000 0.002122
290000 0.002210
300000 0.002257
310000 0.002441
320000 0.002452
330000 0.002495
340000 0.002712
350000 0.002706
360000 0.002829
370000 0.002841
380000 0.002928
390000 0.003072
400000 0.003148
410000 0.003133
420000 0.003302
430000 0.003440
440000 0.003293
450000 0.003501
460000 0.003491
470000 0.003659
480000 0.003627
490000 0.003803
500000 0.003865
510000 0.004104
520000 0.004014
530000 0.004030
540000 0.004246
550000 0.004193
560000 0.004275
570000 0.004363
580000 0.004472
590000 0.004622
600000 0.004611
610000 0.004659
620000 0.004835
630000 0.004813
640000 0.004774
650000 0.004868
660000 0.005123
670000 0.005242
680000 0.005265
690000 0.005278
700000 0.005458
710000 0.005426
720000 0.005477
730000 0.005531
740000 0.005794
750000 0.005788
760000 0.005842
770000 0.005710
780000 0.006102
790000 0.006123
800000 0.006281
810000 0.006213
820000 0.006483
830000 0.006328
840000 0.006541
850000 0.006531
860000 0.006575
870000 0.006666
880000 0.006741
890000 0.006919
900000 0.006972
910000 0.006991
920000 0.007227
930000 0.007238
940000 0.007387
950000 0.007295
960000 0.007395
970000 0.007422
980000 0.007519
990000 0.007695
1000000 0.007717
1010000 0.007841
1020000 0.007883
1030000 0.007909
1040000 0.008048
1050000 0.008086
1060000 0.008176
1070000 0.008232
1080000 0.008520
1090000 0.008365
1100000 0.008438
1110000 0.008486
1120000 0.008628
1130000 0.008654
1140000 0.008625
1150000 0.008841
1160000 0.009045
1170000 0.008955
1180000 0.008928
1190000 0.009231
1200000 0.009261
1210000 0.009399
1220000 0.009300
1230000 0.009465
1240000 0.009576
1250000 0.009453
1260000 0.009803
1270000 0.009783
1280000 0.009684
1290000 0.009724
1300000 0.010013
1310000 0.010083
1320000 0.010221
1330000 0.010269
1340000 0.010318
1350000 0.010464
1360000 0.010396
1370000 0.010463
1380000 0.010451
1390000 0.010675
1400000 0.010544
1410000 0.010888
1420000 0.010844
1430000 0.010809
1440000 0.011213
1450000 0.011262
1460000 0.011136
1470000 0.011285
1480000 0.011305
1490000 0.011413
1500000 0.011667
1510000 0.011751
1520000 0.011639
1530000 0.011651
1540000 0.011633
1550000 0.012015
1560000 0.011956
1570000 0.012005
1580000 0.012061
1590000 0.012020
1600000 0.012374
1610000 0.012330
1620000 0.012409
1630000 0.012831
1640000 0.012894
1650000 0.012809
1660000 0.012767
1670000 0.012773
1680000 0.012847
1690000 0.013130
1700000 0.013124
1710000 0.013216
1720000 0.013461
1730000 0.013544
1740000 0.013348
1750000 0.013407
1760000 0.013576
1770000 0.013826
1780000 0.013735
1790000 0.013915
1800000 0.013983
1810000 0.014156
1820000 0.014185
1830000 0.014167
1840000 0.014328
1850000 0.014303
1860000 0.014361
1870000 0.014630
1880000 0.014503
1890000 0.014430
1900000 0.014593
1910000 0.014696
1920000 0.015012
1930000 0.014879
1940000 0.014848
1950000 0.015079
1960000 0.015211
1970000 0.015005
1980000 0.015576
1990000 0.015508
2000000 0.015378
