10 2.667859
10000 2.680947
20000 2.702593
30000 2.730402
40000 2.758027
50000 2.778172
60000 2.784964
70000 2.795444
80000 2.825917
90000 2.820766
100000 2.853181
110000 2.906183
120000 2.892295
130000 2.899968
140000 2.923462
150000 2.944021
160000 2.935875
170000 2.960670
180000 3.026736
190000 3.032871
200000 3.032544
210000 3.067799
220000 3.077560
230000 3.100111
240000 3.110937
250000 3.117793
260000 3.148989
270000 3.145414
280000 3.161223
290000 3.180948
300000 3.190121
310000 3.216775
320000 3.263468
330000 3.256082
340000 3.257076
350000 3.264586
360000 3.255427
370000 3.283379
380000 3.317979
390000 3.310881
400000 3.309635
410000 3.326068
420000 3.366552
430000 3.355234
440000 3.346592
450000 3.372503
460000 3.410372
470000 3.425574
480000 3.437436
490000 3.445004
500000 3.462017
510000 3.473555
520000 3.489362
530000 3.494652
540000 3.508921
550000 3.530804
560000 3.528236
570000 3.562054
580000 3.568976
590000 3.582774
600000 3.597362
610000 3.591667
620000 3.596378
630000 3.602498
640000 3.617714
650000 3.586584
660000 3.603311
670000 3.624826
680000 3.633118
690000 3.655886
700000 3.652917
710000 3.659512
720000 3.689820
730000 3.689978
740000 3.721591
750000 3.688825
760000 3.703247
770000 3.716085
780000 3.746554
790000 3.753631
800000 3.759051
810000 3.771367
820000 3.771140
830000 3.780411
840000 3.803495
850000 3.810103
860000 3.781494
870000 3.792303
880000 3.814107
890000 3.853740
900000 3.873052
910000 3.857650
920000 3.846589
930000 3.868181
940000 3.875317
950000 3.874865
960000 3.889967
970000 3.874241
980000 3.909572
990000 3.922158
1000000 3.908087
1010000 3.929271
1020000 3.937321
1030000 3.936600
1040000 3.952310
1050000 3.963315
1060000 3.970676
1070000 3.984691
1080000 3.976019
1090000 3.952751
1100000 3.957875
1110000 3.970384
1120000 3.993274
1130000 3.981920
1140000 3.988580
1150000 3.998657
1160000 4.004305
1170000 4.012796
1180000 4.018976
1190000 4.031987
1200000 4.023539
1210000 4.068764
1220000 4.101108
1230000 4.070856
1240000 4.116033
1250000 4.122229
1260000 4.139260
1270000 4.091283
1280000 4.143701
1290000 4.203588
1300000 4.234859
1310000 4.190901
1320000 4.232896
1330000 4.177361
1340000 4.115483
1350000 4.119562
1360000 4.142804
1370000 4.134121
1380000 4.145211
1390000 4.244767
1400000 4.197950
1410000 4.181982
1420000 4.174352
1430000 4.168390
1440000 4.182914
1450000 4.157942
1460000 4.197072
1470000 4.246905
1480000 4.200903
1490000 4.221618
1500000 4.241978
1510000 4.254603
1520000 4.214731
1530000 4.247445
1540000 4.195568
1550000 4.212731
1560000 4.235550
1570000 4.247479
1580000 4.226149
1590000 4.210317
1600000 4.211856
1610000 4.221206
1620000 4.231288
1630000 4.227332
1640000 4.243441
1650000 4.317309
1660000 4.248137
1670000 4.244164
1680000 4.259408
1690000 4.248811
1700000 4.294847
1710000 4.289474
1720000 4.260620
1730000 4.273080
1740000 4.282011
1750000 4.269289
1760000 4.290911
1770000 4.350142
1780000 4.323215
1790000 4.357247
1800000 4.336824
1810000 4.386768
1820000 4.348919
1830000 4.370794
1840000 4.368214
1850000 4.358468
1860000 4.387845
1870000 4.366754
1880000 4.386761
1890000 4.426582
1900000 4.367403
1910000 4.371492
1920000 4.332340
1930000 4.337798
1940000 4.353363
1950000 4.344652
1960000 4.354540
1970000 4.356968
1980000 4.365046
1990000 4.361036
2000000 4.359666
