10 0.000008
10000 0.000087
20000 0.000172
30000 0.000266
40000 0.000315
50000 0.000421
60000 0.000489
70000 0.000550
80000 0.000626
90000 0.000699
100000 0.000785
110000 0.000848
120000 0.000998
130000 0.001019
140000 0.001089
150000 0.001191
160000 0.001301
170000 0.001316
180000 0.001363
190000 0.001425
200000 0.001524
210000 0.001618
220000 0.001721
230000 0.001838
240000 0.001859
250000 0.001943
260000 0.001964
270000 0.002014
280000 0.002220
290000 0.002262
300000 0.002295
310000 0.002389
320000 0.002404
330000 0.002707
340000 0.002615
350000 0.002619
360000 0.002742
370000 0.002882
380000 0.002943
390000 0.003029
400000 0.003081
410000 0.003168
420000 0.003251
430000 0.003350
440000 0.003346
450000 0.003492
460000 0.003651
470000 0.003739
480000 0.003816
490000 0.003737
500000 0.003797
510000 0.004017
520000 0.003929
530000 0.004059
540000 0.004272
550000 0.004141
560000 0.004398
570000 0.004459
580000 0.004393
590000 0.004600
600000 0.004616
610000 0.004590
620000 0.004873
630000 0.004782
640000 0.004929
650000 0.005057
660000 0.005177
670000 0.004954
680000 0.005145
690000 0.005266
700000 0.005433
710000 0.005380
720000 0.005337
730000 0.005712
740000 0.005772
750000 0.005812
760000 0.005852
770000 0.005827
780000 0.005927
790000 0.006138
800000 0.006318
810000 0.006300
820000 0.006311
830000 0.006536
840000 0.006543
850000 0.006548
860000 0.006661
870000 0.006898
880000 0.006931
890000 0.006928
900000 0.007007
910000 0.007018
920000 0.007006
930000 0.007158
940000 0.007337
950000 0.007260
960000 0.007462
970000 0.007427
980000 0.007569
990000 0.007698
1000000 0.007716
1010000 0.007689
1020000 0.007934
1030000 0.007933
1040000 0.008233
1050000 0.008123
1060000 0.008115
1070000 0.008389
1080000 0.008434
1090000 0.008496
1100000 0.008555
1110000 0.008498
1120000 0.008732
1130000 0.008870
1140000 0.008639
1150000 0.008832
1160000 0.008875
1170000 0.008846
1180000 0.009057
1190000 0.009183
1200000 0.009199
1210000 0.009359
1220000 0.009295
1230000 0.009455
1240000 0.009594
1250000 0.009816
1260000 0.009522
1270000 0.009836
1280000 0.009914
1290000 0.009835
1300000 0.009949
1310000 0.010054
1320000 0.010201
1330000 0.010394
1340000 0.010274
1350000 0.010621
1360000 0.010479
1370000 0.010654
1380000 0.010549
1390000 0.010825
1400000 0.011006
1410000 0.010871
1420000 0.010950
1430000 0.010918
1440000 0.011111
1450000 0.011315
1460000 0.011454
1470000 0.011296
1480000 0.011441
1490000 0.011512
1500000 0.011613
1510000 0.011778
1520000 0.011857
1530000 0.011906
1540000 0.011915
1550000 0.012018
1560000 0.012038
1570000 0.011979
1580000 0.012462
1590000 0.012406
1600000 0.012382
1610000 0.012602
1620000 0.012537
1630000 0.012574
1640000 0.012810
1650000 0.012751
1660000 0.012974
1670000 0.013017
1680000 0.013125
1690000 0.013436
1700000 0.013208
1710000 0.013044
1720000 0.013390
1730000 0.013392
1740000 0.013542
1750000 0.013561
1760000 0.013822
1770000 0.013757
1780000 0.013828
1790000 0.013934
1800000 0.013987
1810000 0.013733
1820000 0.013939
1830000 0.014251
1840000 0.014495
1850000 0.014391
1860000 0.014326
1870000 0.014394
1880000 0.014618
1890000 0.014756
1900000 0.014749
1910000 0.014865
1920000 0.015078
1930000 0.015069
1940000 0.014997
1950000 0.015027
1960000 0.015210
1970000 0.015194
1980000 0.015278
1990000 0.015358
2000000 0.015370
