1 0.000002
10001 0.001545
20001 0.003242
30001 0.005000
40001 0.006907
50001 0.008801
60001 0.010751
70001 0.012589
80001 0.014493
90001 0.016493
100001 0.018529
110001 0.020483
120001 0.022401
130001 0.024407
140001 0.026521
150001 0.028635
160001 0.030608
170001 0.032789
180001 0.034834
190001 0.037017
200001 0.038580
210001 0.040990
220001 0.043351
230001 0.044659
240001 0.047243
250001 0.049238
260001 0.050937
270001 0.053884
280001 0.055642
290001 0.057534
300001 0.059702
310001 0.062543
320001 0.064347
330001 0.066330
340001 0.068730
350001 0.070839
360001 0.073095
370001 0.075200
380001 0.077493
390001 0.079069
400001 0.081153
410001 0.084100
420001 0.085812
430001 0.088510
440001 0.090290
450001 0.091987
460001 0.094088
470001 0.096383
480001 0.098381
490001 0.100861
500001 0.102794
510001 0.104937
520001 0.105945
530001 0.109707
540001 0.112113
550001 0.114411
560001 0.116818
570001 0.119430
580001 0.121021
590001 0.122973
600001 0.125593
610001 0.127930
620001 0.130153
630001 0.132366
640001 0.134393
650001 0.136380
660001 0.138931
670001 0.141744
680001 0.143299
690001 0.146337
700001 0.148083
710001 0.150198
720001 0.152878
730001 0.155341
740001 0.157750
750001 0.160649
760001 0.162517
770001 0.162572
780001 0.165116
790001 0.167931
800001 0.170429
810001 0.173402
820001 0.175415
830001 0.178059
840001 0.180225
850001 0.183028
860001 0.184840
870001 0.187380
880001 0.189620
890001 0.191479
900001 0.193716
910001 0.195320
920001 0.197149
930001 0.199695
940001 0.201469
950001 0.204649
960001 0.207457
970001 0.209513
980001 0.211489
990001 0.214131
1000001 0.216526
1010001 0.218636
1020001 0.220397
1030001 0.222806
1040001 0.224365
1050001 0.226007
1060001 0.230101
1070001 0.232358
1080001 0.235173
1090001 0.238500
1100001 0.241592
1110001 0.244095
1120001 0.247170
1130001 0.249264
1140001 0.251823
1150001 0.254110
1160001 0.255308
1170001 0.257617
1180001 0.259399
1190001 0.262563
1200001 0.264393
1210001 0.267205
1220001 0.269251
1230001 0.272551
1240001 0.275900
1250001 0.277870
1260001 0.279921
1270001 0.281203
1280001 0.283425
1290001 0.285771
1300001 0.287602
1310001 0.289789
1320001 0.292682
1330001 0.294724
1340001 0.297434
1350001 0.298752
1360001 0.302819
1370001 0.304090
1380001 0.306076
1390001 0.309627
1400001 0.311498
1410001 0.313937
1420001 0.315656
1430001 0.316901
1440001 0.319596
1450001 0.323199
1460001 0.324116
1470001 0.327854
1480001 0.330158
1490001 0.331650
1500001 0.335218
1510001 0.338282
1520001 0.340757
1530001 0.341788
1540001 0.343676
1550001 0.344396
1560001 0.348096
1570001 0.349898
1580001 0.353081
1590001 0.355670
1600001 0.356895
1610001 0.359776
1620001 0.362266
1630001 0.364300
1640001 0.367860
1650001 0.369593
1660001 0.372328
1670001 0.374640
1680001 0.376345
1690001 0.379208
1700001 0.382145
1710001 0.383647
1720001 0.386337
1730001 0.388942
1740001 0.392357
1750001 0.393960
1760001 0.396450
1770001 0.396911
1780001 0.399331
1790001 0.402350
1800001 0.404044
1810001 0.406881
1820001 0.406702
1830001 0.410563
1840001 0.411265
1850001 0.414116
1860001 0.417289
1870001 0.419216
1880001 0.422316
1890001 0.424655
1900001 0.426555
1910001 0.428958
1920001 0.430394
1930001 0.433495
1940001 0.436615
1950001 0.439467
1960001 0.441803
1970001 0.444275
1980001 0.446547
1990001 0.449387
2000001 0.451416
