1 0.000001
10001 0.001080
20001 0.002233
30001 0.003651
40001 0.004946
50001 0.006541
60001 0.007878
70001 0.009037
80001 0.010247
90001 0.012197
100001 0.013392
110001 0.015188
120001 0.016433
130001 0.018012
140001 0.019006
150001 0.020763
160001 0.022180
170001 0.024086
180001 0.025188
190001 0.027060
200001 0.028050
210001 0.030333
220001 0.031317
230001 0.032703
240001 0.034150
250001 0.035908
260001 0.037570
270001 0.039843
280001 0.041762
290001 0.041980
300001 0.043576
310001 0.044689
320001 0.046946
330001 0.049586
340001 0.050801
350001 0.051681
360001 0.054056
370001 0.055413
380001 0.056954
390001 0.057450
400001 0.059603
410001 0.060982
420001 0.062037
430001 0.064971
440001 0.068046
450001 0.067853
460001 0.071647
470001 0.070695
480001 0.072548
490001 0.073693
500001 0.074724
510001 0.076925
520001 0.080068
530001 0.081226
540001 0.084553
550001 0.083240
560001 0.085072
570001 0.087074
580001 0.088674
590001 0.090937
600001 0.092177
610001 0.094828
620001 0.096397
630001 0.098677
640001 0.099232
650001 0.101557
660001 0.101569
670001 0.105970
680001 0.104648
690001 0.106884
700001 0.111147
710001 0.113314
720001 0.113904
730001 0.114112
740001 0.117492
750001 0.117007
760001 0.120159
770001 0.121724
780001 0.125896
790001 0.122811
800001 0.124722
810001 0.127678
820001 0.129178
830001 0.131461
840001 0.132287
850001 0.133130
860001 0.136852
870001 0.137319
880001 0.143661
890001 0.141034
900001 0.143938
910001 0.145255
920001 0.144798
930001 0.148470
940001 0.149761
950001 0.151355
960001 0.152336
970001 0.153495
980001 0.155666
990001 0.155817
1000001 0.159789
1010001 0.165501
1020001 0.163288
1030001 0.163289
1040001 0.166899
1050001 0.166292
1060001 0.171465
1070001 0.172391
1080001 0.176263
1090001 0.175636
1100001 0.178097
1110001 0.179987
1120001 0.183013
1130001 0.180604
1140001 0.180556
1150001 0.185003
1160001 0.189760
1170001 0.189824
1180001 0.193764
1190001 0.197839
1200001 0.192359
1210001 0.198753
1220001 0.199025
1230001 0.199653
1240001 0.201109
1250001 0.207128
1260001 0.203047
1270001 0.206597
1280001 0.209021
1290001 0.210582
1300001 0.217843
1310001 0.218966
1320001 0.211057
1330001 0.215872
1340001 0.218366
1350001 0.221001
1360001 0.224248
1370001 0.229245
1380001 0.231810
1390001 0.226133
1400001 0.227647
1410001 0.231147
1420001 0.235403
1430001 0.236925
1440001 0.239787
1450001 0.240088
1460001 0.241521
1470001 0.242712
1480001 0.250161
1490001 0.246781
1500001 0.246784
1510001 0.254874
1520001 0.250901
1530001 0.253935
1540001 0.250393
1550001 0.255484
1560001 0.254700
1570001 0.261346
1580001 0.267105
1590001 0.264984
1600001 0.263323
1610001 0.264725
1620001 0.265132
1630001 0.265722
1640001 0.267957
1650001 0.276831
1660001 0.272247
1670001 0.278211
1680001 0.272810
1690001 0.285372
1700001 0.286657
1710001 0.284957
1720001 0.289264
1730001 0.287110
1740001 0.295682
1750001 0.311988
1760001 0.298582
1770001 0.298931
1780001 0.295820
1790001 0.301464
1800001 0.296226
1810001 0.309071
1820001 0.304346
1830001 0.304731
1840001 0.304638
1850001 0.308588
1860001 0.312057
1870001 0.321729
1880001 0.316905
1890001 0.315604
1900001 0.318503
1910001 0.322336
1920001 0.320813
1930001 0.322183
1940001 0.326590
1950001 0.327611
1960001 0.327839
1970001 0.331124
1980001 0.327893
1990001 0.335856
2000001 0.334915
